[["ConfigurationItem", "ConfigurationItem", 1.0], ["ServiceComponent", "ConfigurationItem", 0.7329289877786356], ["Incident", "ConfigurationItem", 0.6152927306790335], ["Interaction", "ConfigurationItem", 0.9113426762229382], ["Change", "ConfigurationItem", 0.6540598261354535], ["Case_R", "ConfigurationItem", 0.15636049845757638], ["KM", "ConfigurationItem", 0.8277867271608055], ["ConfigurationItem", "ServiceComponent", 0.7329289877786356], ["ServiceComponent", "ServiceComponent", 1.0], ["Incident", "ServiceComponent", 0.5536556032966751], ["Interaction", "ServiceComponent", 0.5066117564912771], ["Change", "ServiceComponent", 0.7722562362809562], ["Case_R", "ServiceComponent", 0.1635869527250982], ["KM", "ServiceComponent", 0.44286544568716324], ["ConfigurationItem", "Incident", 0.6152927306790335], ["ServiceComponent", "Incident", 0.5536556032966751], ["Incident", "Incident", 1.0], ["Interaction", "Incident", 0.7334145784813519], ["Change", "Incident", 0.5201008376899167], ["Case_R", "Incident", 0.4979399837056613], ["KM", "Incident", 0.7324919083580775], ["ConfigurationItem", "Interaction", 0.9113426762229382], ["ServiceComponent", "Interaction", 0.5066117564912771], ["Incident", "Interaction", 0.7334145784813519], ["Interaction", "Interaction", 1.0], ["Change", "Interaction", 0.3827769537877267], ["Case_R", "Interaction", 0.41227537314186524], ["KM", "Interaction", 0.9591043993161064], ["ConfigurationItem", "Change", 0.6540598261354535], ["ServiceComponent", "Change", 0.7722562362809562], ["Incident", "Change", 0.5201008376899167], ["Interaction", "Change", 0.3827769537877267], ["Change", "Change", 1.0], ["Case_R", "Change", 0.1685725538764665], ["KM", "Change", 0.3318719356832771], ["ConfigurationItem", "Case_R", 0.15636049845757638], ["ServiceComponent", "Case_R", 0.1635869527250982], ["Incident", "Case_R", 0.4979399837056613], ["Interaction", "Case_R", 0.41227537314186524], ["Change", "Case_R", 0.1685725538764665], ["Case_R", "Case_R", 1.0], ["KM", "Case_R", 0.4729306580084055], ["ConfigurationItem", "KM", 0.8277867271608055], ["ServiceComponent", "KM", 0.44286544568716324], ["Incident", "KM", 0.7324919083580775], ["Interaction", "KM", 0.9591043993161064], ["Change", "KM", 0.3318719356832771], ["Case_R", "KM", 0.4729306580084055], ["KM", "KM", 1.0]]